0	0
0.0003	247.806
0.0006	429.233
0.0009	607.989
0.0012	784.107
0.0015	957.619
0.0018	1128.56
0.0021	1296.95
0.0024	1462.84
0.0027	1626.25
0.003	1787.22
0.0033	1945.76
0.0036	2101.93
0.0039	2255.74
0.0042	2407.22
0.0045	2556.42
0.0048	2703.35
0.0051	2848.04
0.0054	2990.54
0.0057	3130.86
0.006	3269.03
0.0063	3405.08
0.0066	3539.05
0.0069	3670.95
0.0072	3800.83
0.0075	3928.69
0.0078	4054.58
0.0081	4178.52
0.0084	4300.54
0.0087	4420.65
0.009	4538.9
0.0093	4655.3
0.0096	4769.88
0.0099	4882.67
0.0102	4993.69
0.0105	5102.96
0.0108	5210.52
0.0111	5316.38
0.0114	5420.57
0.0117	5523.12
0.012	5624.04
0.0123	5723.36
0.0126	5821.1
0.0129	5917.3
0.0132	6011.96
0.0135	6105.11
0.0138	6196.77
0.0141	6286.97
0.0144	6375.73
0.0147	6463.06
0.015	6548.99
0.0153	6633.55
0.0156	6716.74
0.0159	6798.59
0.0162	6879.13
0.0165	6958.36
0.0168	7036.31
0.0171	7113
0.0174	7188.45
0.0177	7262.68
0.018	7335.7
0.0183	7407.53
0.0186	7478.2
0.0189	7547.71
0.0192	7616.09
0.0195	7683.36
0.0198	7749.53
0.0201	7814.61
0.0204	7878.63
0.0207	7941.6
0.021	8003.54
0.0213	8064.46
0.0216	8124.39
0.0219	8183.32
0.0222	8241.29
0.0225	8298.3
0.0228	8354.38
0.0231	8409.52
0.0234	8463.76
0.0237	8517.1
0.024	8569.56
0.0243	8621.15
0.0246	8671.89
0.0249	8721.79
0.0252	8770.85
0.0255	8819.11
0.0258	8866.56
0.0261	8913.22
0.0264	8959.11
0.0267	9004.23
0.027	9048.61
0.0273	9092.24
0.0276	9135.14
0.0279	9177.33
0.0282	9218.82
0.0285	9259.61
0.0288	9299.72
0.0291	9339.16
0.0294	9377.94
0.0297	9416.06
0.03	9453.55
0.0297	9020.49
0.0294	8710.98
0.0291	8405.51
0.0288	8104.03
0.0285	7806.5
0.0282	7512.89
0.0279	7223.16
0.0276	6937.28
0.0273	6655.2
0.027	6376.89
0.0267	6102.32
0.0264	5831.45
0.0261	5564.24
0.0258	5300.65
0.0255	5040.66
0.0252	4784.21
0.0249	4531.28
0.0246	4281.83
0.0243	4035.82
0.024	3793.22
0.0237	3553.99
0.0234	3318.09
0.0231	3085.49
0.0228	2856.15
0.0225	2630.04
0.0222	2407.13
0.0219	2187.36
0.0216	1970.72
0.0213	1757.17
0.021	1546.66
0.0207	1339.17
0.0204	1134.66
0.0201	933.1
0.0198	734.449
0.0195	538.676
0.0192	345.747
0.0189	155.627
0.0186	-31.7155
0.0183	-216.316
0.018	-398.206
0.0177	-577.419
0.0174	-753.989
0.0171	-927.947
0.0168	-1099.33
0.0165	-1268.16
0.0162	-1434.48
0.0159	-1598.31
0.0156	-1759.69
0.0153	-1918.65
0.015	-2075.22
0.0147	-2229.44
0.0144	-2381.32
0.0141	-2530.91
0.0138	-2678.23
0.0135	-2823.3
0.0132	-2966.17
0.0129	-3106.86
0.0126	-3245.4
0.0123	-3381.82
0.012	-3516.14
0.0117	-3648.4
0.0114	-3778.62
0.0111	-3906.83
0.0108	-4033.06
0.0105	-4157.33
0.0102	-4279.68
0.0099	-4400.12
0.0096	-4518.68
0.0093	-4635.4
0.009	-4750.29
0.0087	-4863.39
0.0084	-4974.71
0.0081	-5084.28
0.0078	-5192.13
0.0075	-5298.28
0.0072	-5402.76
0.0069	-5505.59
0.0066	-5606.79
0.0063	-5706.38
0.006	-5804.4
0.0057	-5900.85
0.0054	-5995.78
0.0051	-6089.19
0.0048	-6181.1
0.0045	-6271.55
0.0042	-6360.56
0.0039	-6448.13
0.0036	-6534.31
0.0033	-6619.1
0.003	-6702.52
0.0027	-6784.6
0.0024	-6865.36
0.0021	-6944.82
0.0018	-7022.99
0.0015	-7099.89
0.0012	-7175.56
0.0009	-7249.99
0.0006	-7323.22
0.0003	-7395.25
1.6263e-18	-7466.12
-0.0003	-7535.83
-0.0006	-7604.41
-0.0009	-7671.86
-0.0012	-7738.22
-0.0015	-7803.49
-0.0018	-7867.69
-0.0021	-7930.84
-0.0024	-7992.96
-0.0027	-8054.05
-0.003	-8114.15
-0.0033	-8173.25
-0.0036	-8231.38
-0.0039	-8288.56
-0.0042	-8344.79
-0.0045	-8400.1
-0.0048	-8454.49
-0.0051	-8507.99
-0.0054	-8560.6
-0.0057	-8612.34
-0.006	-8663.22
-0.0063	-8713.26
-0.0066	-8762.47
-0.0069	-8810.86
-0.0072	-8858.45
-0.0075	-8905.25
-0.0078	-8951.27
-0.0081	-8996.52
-0.0084	-9041.02
-0.0087	-9084.78
-0.009	-9127.81
-0.0093	-9170.12
-0.0096	-9211.73
-0.0099	-9252.64
-0.0102	-9292.87
-0.0105	-9332.42
-0.0108	-9371.31
-0.0111	-9409.55
-0.0114	-9447.15
-0.0117	-9484.12
-0.012	-9520.47
-0.0123	-9556.2
-0.0126	-9591.34
-0.0129	-9625.89
-0.0132	-9659.86
-0.0135	-9693.25
-0.0138	-9726.09
-0.0141	-9758.37
-0.0144	-9790.11
-0.0147	-9821.31
-0.015	-9851.99
-0.0153	-9882.14
-0.0156	-9911.8
-0.0159	-9940.95
-0.0162	-9969.6
-0.0165	-9997.78
-0.0168	-10025.5
-0.0171	-10052.7
-0.0174	-10079.5
-0.0177	-10105.8
-0.018	-10131.7
-0.0183	-10157.1
-0.0186	-10182.1
-0.0189	-10206.7
-0.0192	-10230.8
-0.0195	-10254.6
-0.0198	-10277.9
-0.0201	-10300.9
-0.0204	-10323.4
-0.0207	-10345.6
-0.021	-10367.4
-0.0213	-10388.8
-0.0216	-10409.9
-0.0219	-10430.6
-0.0222	-10451
-0.0225	-10471
-0.0228	-10490.6
-0.0231	-10510
-0.0234	-10529
-0.0237	-10547.7
-0.024	-10566
-0.0243	-10584.1
-0.0246	-10601.8
-0.0249	-10619.3
-0.0252	-10636.4
-0.0255	-10653.2
-0.0258	-10669.8
-0.0261	-10686.1
-0.0264	-10702.1
-0.0267	-10717.8
-0.027	-10733.3
-0.0273	-10748.5
-0.0276	-10763.4
-0.0279	-10778.1
-0.0282	-10792.5
-0.0285	-10806.7
-0.0288	-10820.6
-0.0291	-10834.3
-0.0294	-10847.8
-0.0297	-10861
-0.03	-10874
-0.0297	-10423.8
-0.0294	-10096.3
-0.0291	-9772.91
-0.0288	-9453.68
-0.0285	-9138.57
-0.0282	-8827.54
-0.0279	-8520.55
-0.0276	-8217.56
-0.0273	-7918.54
-0.027	-7623.45
-0.0267	-7332.26
-0.0264	-7044.93
-0.0261	-6761.41
-0.0258	-6481.69
-0.0255	-6205.71
-0.0252	-5933.44
-0.0249	-5664.85
-0.0246	-5399.9
-0.0243	-5138.55
-0.024	-4880.76
-0.0237	-4626.51
-0.0234	-4375.75
-0.0231	-4128.44
-0.0228	-3884.55
-0.0225	-3644.05
-0.0222	-3406.9
-0.0219	-3173.06
-0.0216	-2942.49
-0.0213	-2715.16
-0.021	-2491.04
-0.0207	-2270.09
-0.0204	-2052.28
-0.0201	-1837.56
-0.0198	-1625.9
-0.0195	-1417.28
-0.0192	-1211.64
-0.0189	-1008.97
-0.0186	-809.224
-0.0183	-612.367
-0.018	-418.366
-0.0177	-227.188
-0.0174	-38.7995
-0.0171	146.834
-0.0168	329.745
-0.0165	509.966
-0.0162	687.532
-0.0159	862.474
-0.0156	1034.82
-0.0153	1204.62
-0.015	1371.88
-0.0147	1536.65
-0.0144	1698.95
-0.0141	1858.83
-0.0138	2016.3
-0.0135	2171.4
-0.0132	2324.16
-0.0129	2474.61
-0.0126	2622.79
-0.0123	2768.71
-0.012	2912.41
-0.0117	3053.92
-0.0114	3193.27
-0.0111	3330.49
-0.0108	3465.6
-0.0105	3598.63
-0.0102	3729.62
-0.0099	3858.59
-0.0096	3985.56
-0.0093	4110.57
-0.009	4233.64
-0.0087	4354.8
-0.0084	4474.07
-0.0081	4591.48
-0.0078	4707.06
-0.0075	4820.83
-0.0072	4932.82
-0.0069	5043.05
-0.0066	5151.55
-0.0063	5258.34
-0.006	5363.45
-0.0057	5466.9
-0.0054	5568.71
-0.0051	5668.91
-0.0048	5767.52
-0.0045	5864.56
-0.0042	5960.06
-0.0039	6054.04
-0.0036	6146.52
-0.0033	6237.52
-0.003	6327.07
-0.0027	6415.19
-0.0024	6501.89
-0.0021	6587.2
-0.0018	6671.13
-0.0015	6753.72
-0.0012	6834.98
-0.0009	6914.92
-0.0006	6993.58
-0.0003	7070.96
-1.6263e-18	7147.09
0.0003	7221.99
0.0006	7295.67
0.0009	7368.15
0.0012	7439.46
0.0015	7509.61
0.0018	7578.61
0.0021	7646.49
0.0024	7713.26
0.0027	7778.93
0.003	7843.54
0.0033	7907.09
0.0036	7969.59
0.0039	8031.07
0.0042	8091.54
0.0045	8151.02
0.0048	8209.52
0.0051	8267.05
0.0054	8323.64
0.0057	8379.3
0.006	8434.03
0.0063	8487.86
0.0066	8540.81
0.0069	8592.87
0.0072	8644.08
0.0075	8694.44
0.0078	8743.96
0.0081	8792.66
0.0084	8840.55
0.0087	8887.65
0.009	8933.96
0.0093	8979.5
0.0096	9024.29
0.0099	9068.32
0.0102	9111.63
0.0105	9154.21
0.0108	9196.08
0.0111	9237.25
0.0114	9277.73
0.0117	9317.54
0.012	9356.68
0.0123	9395.17
0.0126	9433.01
0.0129	9470.21
0.0132	9506.79
0.0135	9542.76
0.0138	9578.13
0.0141	9612.9
0.0144	9647.08
0.0147	9680.69
0.015	9713.74
0.0153	9746.23
0.0156	9778.17
0.0159	9809.57
0.0162	9840.45
0.0165	9870.8
0.0168	9900.64
0.0171	9929.98
0.0174	9958.82
0.0177	9987.18
0.018	10015.1
0.0183	10042.5
0.0186	10069.4
0.0189	10095.9
0.0192	10121.9
0.0195	10147.5
0.0198	10172.7
0.0201	10197.4
0.0204	10221.7
0.0207	10245.6
0.021	10269.1
0.0213	10292.2
0.0216	10314.9
0.0219	10337.3
0.0222	10359.2
0.0225	10380.8
0.0228	10402
0.0231	10422.8
0.0234	10443.3
0.0237	10463.5
0.024	10483.2
0.0243	10502.7
0.0246	10521.8
0.0249	10540.6
0.0252	10559.1
0.0255	10577.3
0.0258	10595.1
0.0261	10612.7
0.0264	10629.9
0.0267	10646.9
0.027	10663.6
0.0273	10680
0.0276	10696.1
0.0279	10711.9
0.0282	10727.5
0.0285	10742.7
0.0288	10757.8
0.0291	10772.6
0.0294	10787.1
0.0297	10801.3
0.03	10815.4
