0	0
0.0003	1442.58
0.0006	2498.92
0.0009	3533.36
0.0012	4545.61
0.0015	5535.37
0.0018	6502.38
0.0021	7446.39
0.0024	8367.18
0.0027	9264.53
0.003	10138.3
0.0033	10988.2
0.0036	11814.3
0.0039	12616.5
0.0042	13394.6
0.0045	14148.6
0.0048	14878.6
0.0051	15584.6
0.0054	16266.7
0.0057	16925
0.006	17559.6
0.0063	18170.8
0.0066	18758.9
0.0069	19324
0.0072	19866.4
0.0075	20386.6
0.0078	20885
0.0081	21361.8
0.0084	21817.6
0.0087	22252.9
0.009	22668.1
0.0093	23063.7
0.0096	23440.4
0.0099	23798.6
0.0102	24138.9
0.0105	24461.9
0.0108	24768.2
0.0111	25058.5
0.0114	25333.3
0.0117	25593.1
0.012	25838.7
0.0123	26070.7
0.0126	26289.5
0.0129	26495.9
0.0132	26690.3
0.0135	26873.3
0.0138	27045.6
0.0141	27207.6
0.0144	27359.9
0.0147	27502.9
0.015	27637.1
0.0153	27763.1
0.0156	27881.2
0.0159	27992
0.0162	28095.7
0.0165	28192.9
0.0168	28283.9
0.0171	28369.1
0.0174	28448.8
0.0177	28523.3
0.018	28593
0.0183	28658.1
0.0186	28719
0.0189	28775.8
0.0192	28828.9
0.0195	28878.5
0.0198	28924.8
0.0201	28968
0.0204	29008.3
0.0207	29046
0.021	29081.1
0.0213	29113.8
0.0216	29144.3
0.0219	29172.8
0.0222	29199.3
0.0225	29224.1
0.0228	29247.1
0.0231	29268.6
0.0234	29288.7
0.0237	29307.3
0.024	29324.7
0.0243	29340.9
0.0246	29356
0.0249	29370.1
0.0252	29383.2
0.0255	29395.4
0.0258	29406.8
0.0261	29417.4
0.0264	29427.2
0.0267	29436.4
0.027	29445
0.0273	29452.9
0.0276	29460.4
0.0279	29467.3
0.0282	29473.7
0.0285	29479.7
0.0288	29485.3
0.0291	29490.4
0.0294	29495.3
0.0297	29499.8
0.03	29504
0.0297	27533.8
0.0294	26076.4
0.0291	24632.9
0.0288	23203.6
0.0285	21789
0.0282	20389.3
0.0279	19004.8
0.0276	17635.9
0.0273	16283
0.027	14946.5
0.0267	13626.6
0.0264	12323.7
0.0261	11038.3
0.0258	9770.64
0.0255	8521.13
0.0252	7290.15
0.0249	6078.05
0.0246	4885.22
0.0243	3712.01
0.024	2558.79
0.0237	1425.93
0.0234	313.758
0.0231	-777.366
0.0228	-1847.11
0.0225	-2895.15
0.0222	-3921.19
0.0219	-4924.91
0.0216	-5906.04
0.0213	-6864.33
0.021	-7799.53
0.0207	-8711.42
0.0204	-9599.8
0.0201	-10464.5
0.0198	-11305.4
0.0195	-12122.4
0.0192	-12915.4
0.0189	-13684.3
0.0186	-14429.2
0.0183	-15150.1
0.018	-15847
0.0177	-16520
0.0174	-17169.2
0.0171	-17795
0.0168	-18397.3
0.0165	-18976.6
0.0162	-19533
0.0159	-20067
0.0156	-20578.8
0.0153	-21068.9
0.015	-21537.7
0.0147	-21985.7
0.0144	-22413.2
0.0141	-22820.9
0.0138	-23209.3
0.0135	-23578.8
0.0132	-23930.1
0.0129	-24263.8
0.0126	-24580.4
0.0123	-24880.6
0.012	-25164.8
0.0117	-25433.9
0.0114	-25688.2
0.0111	-25928.6
0.0108	-26155.4
0.0105	-26369.5
0.0102	-26571.2
0.0099	-26761.3
0.0096	-26940.1
0.0093	-27108.4
0.009	-27266.7
0.0087	-27415.3
0.0084	-27555
0.0081	-27686
0.0078	-27808.9
0.0075	-27924.2
0.0072	-28032.3
0.0069	-28133.5
0.0066	-28228.3
0.0063	-28317
0.006	-28400.1
0.0057	-28477.7
0.0054	-28550.4
0.0051	-28618.3
0.0048	-28681.8
0.0045	-28741.1
0.0042	-28796.5
0.0039	-28848.2
0.0036	-28896.5
0.0033	-28941.6
0.003	-28983.7
0.0027	-29023
0.0024	-29059.6
0.0021	-29093.8
0.0018	-29125.7
0.0015	-29155.4
0.0012	-29183.1
0.0009	-29208.9
0.0006	-29233
0.0003	-29255.5
1.6263e-18	-29276.4
-0.0003	-29295.9
-0.0006	-29314.1
-0.0009	-29331
-0.0012	-29346.8
-0.0015	-29361.5
-0.0018	-29375.2
-0.0021	-29388
-0.0024	-29399.8
-0.0027	-29410.9
-0.003	-29421.2
-0.0033	-29430.8
-0.0036	-29439.7
-0.0039	-29448.1
-0.0042	-29455.8
-0.0045	-29463
-0.0048	-29469.8
-0.0051	-29476
-0.0054	-29481.8
-0.0057	-29487.3
-0.006	-29492.3
-0.0063	-29497
-0.0066	-29501.4
-0.0069	-29505.5
-0.0072	-29509.3
-0.0075	-29512.8
-0.0078	-29516.1
-0.0081	-29519.2
-0.0084	-29522
-0.0087	-29524.7
-0.009	-29527.1
-0.0093	-29529.4
-0.0096	-29531.6
-0.0099	-29533.6
-0.0102	-29535.4
-0.0105	-29537.1
-0.0108	-29538.7
-0.0111	-29540.2
-0.0114	-29541.6
-0.0117	-29542.9
-0.012	-29544.1
-0.0123	-29545.3
-0.0126	-29546.3
-0.0129	-29547.3
-0.0132	-29548.2
-0.0135	-29549
-0.0138	-29549.8
-0.0141	-29550.5
-0.0144	-29551.2
-0.0147	-29551.8
-0.015	-29552.4
-0.0153	-29553
-0.0156	-29553.5
-0.0159	-29554
-0.0162	-29554.4
-0.0165	-29554.8
-0.0168	-29555.2
-0.0171	-29555.6
-0.0174	-29555.9
-0.0177	-29556.2
-0.018	-29556.5
-0.0183	-29556.7
-0.0186	-29557
-0.0189	-29557.2
-0.0192	-29557.4
-0.0195	-29557.6
-0.0198	-29557.8
-0.0201	-29558
-0.0204	-29558.2
-0.0207	-29558.3
-0.021	-29558.5
-0.0213	-29558.6
-0.0216	-29558.7
-0.0219	-29558.8
-0.0222	-29558.9
-0.0225	-29559
-0.0228	-29559.1
-0.0231	-29559.2
-0.0234	-29559.3
-0.0237	-29559.3
-0.024	-29559.4
-0.0243	-29559.5
-0.0246	-29559.5
-0.0249	-29559.6
-0.0252	-29559.6
-0.0255	-29559.7
-0.0258	-29559.7
-0.0261	-29559.8
-0.0264	-29559.8
-0.0267	-29559.9
-0.027	-29559.9
-0.0273	-29559.9
-0.0276	-29559.9
-0.0279	-29560
-0.0282	-29560
-0.0285	-29560
-0.0288	-29560
-0.0291	-29560.1
-0.0294	-29560.1
-0.0297	-29560.1
-0.03	-29560.1
-0.0297	-27589.8
-0.0294	-26131.8
-0.0291	-24687.8
-0.0288	-23258
-0.0285	-21842.8
-0.0282	-20442.5
-0.0279	-19057.4
-0.0276	-17687.9
-0.0273	-16334.4
-0.027	-14997.2
-0.0267	-13676.7
-0.0264	-12373.2
-0.0261	-11087.1
-0.0258	-9818.73
-0.0255	-8568.53
-0.0252	-7336.83
-0.0249	-6124
-0.0246	-4930.42
-0.0243	-3756.46
-0.024	-2602.47
-0.0237	-1468.82
-0.0234	-355.857
-0.0231	736.076
-0.0228	1806.64
-0.0225	2855.52
-0.0222	3882.4
-0.0219	4886.98
-0.0216	5868.98
-0.0213	6828.15
-0.021	7764.23
-0.0207	8677.01
-0.0204	9566.3
-0.0201	10431.9
-0.0198	11273.7
-0.0195	12091.6
-0.0192	12885.5
-0.0189	13655.4
-0.0186	14401.2
-0.0183	15123
-0.018	15820.8
-0.0177	16494.7
-0.0174	17144.9
-0.0171	17771.5
-0.0168	18374.7
-0.0165	18954.9
-0.0162	19512.2
-0.0159	20047
-0.0156	20559.7
-0.0153	21050.6
-0.015	21520.2
-0.0147	21968.9
-0.0144	22397.3
-0.0141	22805.7
-0.0138	23194.8
-0.0135	23565
-0.0132	23917
-0.0129	24251.4
-0.0126	24568.6
-0.0123	24869.4
-0.012	25154.3
-0.0117	25423.9
-0.0114	25678.8
-0.0111	25919.6
-0.0108	26147
-0.0105	26361.5
-0.0102	26563.7
-0.0099	26754.2
-0.0096	26933.5
-0.0093	27102.2
-0.009	27260.8
-0.0087	27409.8
-0.0084	27549.8
-0.0081	27681.1
-0.0078	27804.4
-0.0075	27920
-0.0072	28028.3
-0.0069	28129.7
-0.0066	28224.8
-0.0063	28313.7
-0.006	28397
-0.0057	28474.9
-0.0054	28547.7
-0.0051	28615.8
-0.0048	28679.4
-0.0045	28738.9
-0.0042	28794.4
-0.0039	28846.3
-0.0036	28894.7
-0.0033	28939.9
-0.003	28982.1
-0.0027	29021.5
-0.0024	29058.2
-0.0021	29092.5
-0.0018	29124.5
-0.0015	29154.3
-0.0012	29182.1
-0.0009	29208
-0.0006	29232.1
-0.0003	29254.7
-1.6263e-18	29275.6
0.0003	29295.2
0.0006	29313.4
0.0009	29330.4
0.0012	29346.2
0.0015	29361
0.0018	29374.7
0.0021	29387.5
0.0024	29399.4
0.0027	29410.5
0.003	29420.8
0.0033	29430.5
0.0036	29439.4
0.0039	29447.8
0.0042	29455.5
0.0045	29462.8
0.0048	29469.5
0.0051	29475.8
0.0054	29481.6
0.0057	29487.1
0.006	29492.1
0.0063	29496.9
0.0066	29501.2
0.0069	29505.3
0.0072	29509.1
0.0075	29512.7
0.0078	29516
0.0081	29519
0.0084	29521.9
0.0087	29524.6
0.009	29527
0.0093	29529.3
0.0096	29531.5
0.0099	29533.5
0.0102	29535.3
0.0105	29537.1
0.0108	29538.7
0.0111	29540.2
0.0114	29541.6
0.0117	29542.9
0.012	29544.1
0.0123	29545.2
0.0126	29546.3
0.0129	29547.2
0.0132	29548.1
0.0135	29549
0.0138	29549.8
0.0141	29550.5
0.0144	29551.2
0.0147	29551.8
0.015	29552.4
0.0153	29553
0.0156	29553.5
0.0159	29553.9
0.0162	29554.4
0.0165	29554.8
0.0168	29555.2
0.0171	29555.5
0.0174	29555.9
0.0177	29556.2
0.018	29556.5
0.0183	29556.7
0.0186	29557
0.0189	29557.2
0.0192	29557.4
0.0195	29557.6
0.0198	29557.8
0.0201	29558
0.0204	29558.2
0.0207	29558.3
0.021	29558.4
0.0213	29558.6
0.0216	29558.7
0.0219	29558.8
0.0222	29558.9
0.0225	29559
0.0228	29559.1
0.0231	29559.2
0.0234	29559.3
0.0237	29559.3
0.024	29559.4
0.0243	29559.5
0.0246	29559.5
0.0249	29559.6
0.0252	29559.6
0.0255	29559.7
0.0258	29559.7
0.0261	29559.8
0.0264	29559.8
0.0267	29559.9
0.027	29559.9
0.0273	29559.9
0.0276	29559.9
0.0279	29560
0.0282	29560
0.0285	29560
0.0288	29560
0.0291	29560.1
0.0294	29560.1
0.0297	29560.1
0.03	29560.1
