0	0
0.0003	2307.69
0.0006	4615.38
0.0009	6923.08
0.0012	9230.77
0.0015	11538.5
0.0018	13846.2
0.0021	16153.8
0.0024	18461.5
0.0027	20769.2
0.003	23076.9
0.0033	25384.6
0.0036	27692.3
0.0039	28957.8
0.0042	29139.2
0.0045	29315.3
0.0048	29486.1
0.0051	29651.9
0.0054	29812.6
0.0057	29968.6
0.006	30119.8
0.0063	30266.5
0.0066	30408.7
0.0069	30546.6
0.0072	30680.2
0.0075	30809.7
0.0078	30935.2
0.0081	31056.8
0.0084	31174.6
0.0087	31288.8
0.009	31399.3
0.0093	31506.4
0.0096	31610.1
0.0099	31710.5
0.0102	31807.8
0.0105	31901.9
0.0108	31993.1
0.0111	32081.3
0.0114	32166.7
0.0117	32249.3
0.012	32329.3
0.0123	32406.7
0.0126	32481.6
0.0129	32554
0.0132	32624.1
0.0135	32691.9
0.0138	32757.5
0.0141	32821
0.0144	32882.4
0.0147	32941.7
0.015	32999.1
0.0153	33054.6
0.0156	33108.3
0.0159	33160.2
0.0162	33210.4
0.0165	33258.9
0.0168	33305.8
0.0171	33351.2
0.0174	33395
0.0177	33437.4
0.018	33478.3
0.0183	33517.9
0.0186	33556.2
0.0189	33593.1
0.0192	33628.9
0.0195	33663.4
0.0198	33696.8
0.0201	33729
0.0204	33760.2
0.0207	33790.3
0.021	33819.4
0.0213	33847.5
0.0216	33874.7
0.0219	33900.9
0.0222	33926.3
0.0225	33950.8
0.0228	33974.5
0.0231	33997.3
0.0234	34019.4
0.0237	34040.7
0.024	34061.3
0.0243	34081.3
0.0246	34100.5
0.0249	34119.1
0.0252	34137
0.0255	34154.3
0.0258	34171.1
0.0261	34187.2
0.0264	34202.8
0.0267	34217.9
0.027	34232.5
0.0273	34246.6
0.0276	34260.1
0.0279	34273.3
0.0282	34285.9
0.0285	34298.2
0.0288	34310
0.0291	34321.4
0.0294	34332.4
0.0297	34343
0.03	34353.3
0.0297	32045.6
0.0294	29737.9
0.0291	27430.2
0.0288	25122.6
0.0285	22814.9
0.0282	20507.2
0.0279	18199.5
0.0276	15891.8
0.0273	13584.1
0.027	11276.4
0.0267	8968.71
0.0264	6661.02
0.0261	4353.32
0.0258	2045.63
0.0255	-262.062
0.0252	-2569.75
0.0249	-4877.45
0.0246	-7185.14
0.0243	-9492.83
0.024	-11800.5
0.0237	-14108.2
0.0234	-16415.9
0.0231	-18723.6
0.0228	-21031.3
0.0225	-23339
0.0222	-23709.2
0.0219	-24034.5
0.0216	-24351.4
0.0213	-24660.2
0.021	-24960.9
0.0207	-25253.7
0.0204	-25538.7
0.0201	-25816.1
0.0198	-26086
0.0195	-26348.7
0.0192	-26604.1
0.0189	-26852.6
0.0186	-27094.1
0.0183	-27328.9
0.018	-27557.2
0.0177	-27779
0.0174	-27994.5
0.0171	-28203.9
0.0168	-28407.2
0.0165	-28604.7
0.0162	-28796.4
0.0159	-28982.5
0.0156	-29163.2
0.0153	-29338.5
0.015	-29508.7
0.0147	-29673.8
0.0144	-29833.9
0.0141	-29989.2
0.0138	-30139.8
0.0135	-30285.9
0.0132	-30427.5
0.0129	-30564.8
0.0126	-30697.8
0.0123	-30826.8
0.012	-30951.8
0.0117	-31072.9
0.0114	-31190.2
0.0111	-31303.8
0.0108	-31413.9
0.0105	-31520.6
0.0102	-31623.8
0.0099	-31723.8
0.0096	-31820.6
0.0093	-31914.3
0.009	-32005.1
0.0087	-32092.9
0.0084	-32177.9
0.0081	-32260.2
0.0078	-32339.9
0.0075	-32416.9
0.0072	-32491.5
0.0069	-32563.6
0.0066	-32633.4
0.0063	-32700.9
0.006	-32766.2
0.0057	-32829.4
0.0054	-32890.5
0.0051	-32949.6
0.0048	-33006.7
0.0045	-33062
0.0042	-33115.4
0.0039	-33167.1
0.0036	-33217
0.0033	-33265.3
0.003	-33312
0.0027	-33357.1
0.0024	-33400.8
0.0021	-33442.9
0.0018	-33483.7
0.0015	-33523.1
0.0012	-33561.2
0.0009	-33598
0.0006	-33633.6
0.0003	-33668
1.6263e-18	-33701.2
-0.0003	-33733.3
-0.0006	-33764.3
-0.0009	-33794.3
-0.0012	-33823.3
-0.0015	-33851.2
-0.0018	-33878.3
-0.0021	-33904.4
-0.0024	-33929.6
-0.0027	-33954
-0.003	-33977.6
-0.0033	-34000.3
-0.0036	-34022.3
-0.0039	-34043.5
-0.0042	-34064.1
-0.0045	-34083.9
-0.0048	-34103
-0.0051	-34121.5
-0.0054	-34139.4
-0.0057	-34156.6
-0.006	-34173.3
-0.0063	-34189.4
-0.0066	-34204.9
-0.0069	-34219.9
-0.0072	-34234.4
-0.0075	-34248.4
-0.0078	-34261.9
-0.0081	-34275
-0.0084	-34287.6
-0.0087	-34299.8
-0.009	-34311.5
-0.0093	-34322.9
-0.0096	-34333.9
-0.0099	-34344.4
-0.0102	-34354.7
-0.0105	-34364.6
-0.0108	-34374.1
-0.0111	-34383.3
-0.0114	-34392.2
-0.0117	-34400.8
-0.012	-34409.1
-0.0123	-34417.1
-0.0126	-34424.8
-0.0129	-34432.3
-0.0132	-34439.5
-0.0135	-34446.4
-0.0138	-34453.2
-0.0141	-34459.7
-0.0144	-34465.9
-0.0147	-34472
-0.015	-34477.8
-0.0153	-34483.5
-0.0156	-34488.9
-0.0159	-34494.2
-0.0162	-34499.2
-0.0165	-34504.1
-0.0168	-34508.9
-0.0171	-34513.4
-0.0174	-34517.8
-0.0177	-34522.1
-0.018	-34526.2
-0.0183	-34530.2
-0.0186	-34534
-0.0189	-34537.7
-0.0192	-34541.3
-0.0195	-34544.7
-0.0198	-34548.1
-0.0201	-34551.3
-0.0204	-34554.4
-0.0207	-34557.4
-0.021	-34560.3
-0.0213	-34563.1
-0.0216	-34565.8
-0.0219	-34568.4
-0.0222	-34570.9
-0.0225	-34573.3
-0.0228	-34575.7
-0.0231	-34577.9
-0.0234	-34580.1
-0.0237	-34582.2
-0.024	-34584.2
-0.0243	-34586.2
-0.0246	-34588.1
-0.0249	-34589.9
-0.0252	-34591.7
-0.0255	-34593.4
-0.0258	-34595.1
-0.0261	-34596.7
-0.0264	-34598.2
-0.0267	-34599.7
-0.027	-34601.1
-0.0273	-34602.5
-0.0276	-34603.8
-0.0279	-34605.1
-0.0282	-34606.3
-0.0285	-34607.5
-0.0288	-34608.7
-0.0291	-34609.8
-0.0294	-34610.9
-0.0297	-34611.9
-0.03	-34613
-0.0297	-32305.3
-0.0294	-29997.6
-0.0291	-27689.9
-0.0288	-25382.2
-0.0285	-23074.5
-0.0282	-20766.8
-0.0279	-18459.1
-0.0276	-16151.4
-0.0273	-13843.7
-0.027	-11536
-0.0267	-9228.34
-0.0264	-6920.65
-0.0261	-4612.96
-0.0258	-2305.26
-0.0255	2.42849
-0.0252	2310.12
-0.0249	4617.81
-0.0246	6925.51
-0.0243	9233.2
-0.024	11540.9
-0.0237	13848.6
-0.0234	16156.3
-0.0231	18464
-0.0228	20771.7
-0.0225	23079.4
-0.0222	23456
-0.0219	23787.7
-0.0216	24111
-0.0213	24426
-0.021	24732.8
-0.0207	25031.6
-0.0204	25322.5
-0.0201	25605.7
-0.0198	25881.3
-0.0195	26149.5
-0.0192	26410.4
-0.0189	26664.2
-0.0186	26911
-0.0183	27150.9
-0.018	27384.1
-0.0177	27610.8
-0.0174	27831.1
-0.0171	28045.1
-0.0168	28253
-0.0165	28455
-0.0162	28651
-0.0159	28841.4
-0.0156	29026.2
-0.0153	29205.6
-0.015	29379.7
-0.0147	29548.6
-0.0144	29712.5
-0.0141	29871.5
-0.0138	30025.6
-0.0135	30175.2
-0.0132	30320.2
-0.0129	30460.7
-0.0126	30597
-0.0123	30729
-0.012	30857
-0.0117	30981.1
-0.0114	31101.3
-0.0111	31217.7
-0.0108	31330.5
-0.0105	31439.7
-0.0102	31545.5
-0.0099	31648
-0.0096	31747.2
-0.0093	31843.3
-0.009	31936.3
-0.0087	32026.4
-0.0084	32113.5
-0.0081	32197.9
-0.0078	32279.5
-0.0075	32358.5
-0.0072	32435
-0.0069	32508.9
-0.0066	32580.5
-0.0063	32649.7
-0.006	32716.7
-0.0057	32781.5
-0.0054	32844.2
-0.0051	32904.8
-0.0048	32963.4
-0.0045	33020.1
-0.0042	33074.9
-0.0039	33127.9
-0.0036	33179.2
-0.0033	33228.7
-0.003	33276.6
-0.0027	33322.9
-0.0024	33367.7
-0.0021	33411
-0.0018	33452.8
-0.0015	33493.3
-0.0012	33532.3
-0.0009	33570.1
-0.0006	33606.6
-0.0003	33641.9
-1.6263e-18	33676
0.0003	33709
0.0006	33740.8
0.0009	33771.6
0.0012	33801.3
0.0015	33830
0.0018	33857.8
0.0021	33884.6
0.0024	33910.5
0.0027	33935.5
0.003	33959.7
0.0033	33983.1
0.0036	34005.7
0.0039	34027.5
0.0042	34048.5
0.0045	34068.9
0.0048	34088.5
0.0051	34107.5
0.0054	34125.8
0.0057	34143.5
0.006	34160.6
0.0063	34177.2
0.0066	34193.1
0.0069	34208.5
0.0072	34223.4
0.0075	34237.8
0.0078	34251.7
0.0081	34265.1
0.0084	34278
0.0087	34290.5
0.009	34302.6
0.0093	34314.3
0.0096	34325.5
0.0099	34336.4
0.0102	34346.9
0.0105	34357.1
0.0108	34366.9
0.0111	34376.3
0.0114	34385.5
0.0117	34394.3
0.012	34402.8
0.0123	34411
0.0126	34419
0.0129	34426.6
0.0132	34434
0.0135	34441.2
0.0138	34448.1
0.0141	34454.7
0.0144	34461.2
0.0147	34467.4
0.015	34473.4
0.0153	34479.2
0.0156	34484.8
0.0159	34490.2
0.0162	34495.4
0.0165	34500.4
0.0168	34505.3
0.0171	34510
0.0174	34514.5
0.0177	34518.9
0.018	34523.1
0.0183	34527.2
0.0186	34531.1
0.0189	34534.9
0.0192	34538.6
0.0195	34542.1
0.0198	34545.5
0.0201	34548.8
0.0204	34552
0.0207	34555.1
0.021	34558.1
0.0213	34561
0.0216	34563.7
0.0219	34566.4
0.0222	34569
0.0225	34571.5
0.0228	34573.9
0.0231	34576.2
0.0234	34578.4
0.0237	34580.6
0.024	34582.7
0.0243	34584.7
0.0246	34586.7
0.0249	34588.6
0.0252	34590.4
0.0255	34592.1
0.0258	34593.8
0.0261	34595.4
0.0264	34597
0.0267	34598.5
0.027	34600
0.0273	34601.4
0.0276	34602.8
0.0279	34604.1
0.0282	34605.4
0.0285	34606.6
0.0288	34607.8
0.0291	34609
0.0294	34610.1
0.0297	34611.2
0.03	34612.2
